34
101034
310034
379034
759000
822000
1350034
814000
1794034
532000
756000
360000
881000
2513034
306000
1030000
3265034
3339034
1811000
1729000
613000
437000
4790034
5000
46000
5000
5016034
5062034
5102034
25000
24000
27000
4000
5187034
42000
24000
20000
5427034
5524034
784000
799000
618000
1144000
158000
4376000
8731034
5000
4000
4000
4000
9004034
9093034
317000
10229034
157000
5022000
6752000
6539000
26000
4000
33000
21000
22000
25000
27000
4000
268000
28000
24000
24000
22000
13080034
6000
4000
4000
4000
12000
10536000
12538000
589000
13197000
19414034
19885034
561000
356000
20367034
20472034
20613034
24000
21000
1210000
11667000
186000
6000
207000
20000
22589034
20314000
25000
4000
21142000
1411000
2780000
39000
25160000
21000
3172000
26387034
988000
5000
194000
1901000
26800034
590000
443000
665000
947000
1598000
1505000
689000
568000
521000
1239000
11995000
32635034
2387000
4000
1871000
33394034
33544034
5003000
5351000
38900034
42000
39268034
39576034
700000
39730034
5000
40385034
20634000
20567000
47000
41688034
43153000
4000
21857000
18401000
6503000
6490000
4000
768000
767000
5000
3862000
4000
47167034
20528000
47278034
47385034
17311000
5000
3359000
3341000
5000
4073000
1382000
1387000
4000
1311000
1301000
5000
33345000
34289000
37392000
229000
1392000
52791000
56630034
20000
4000
2634000
1138000
12414000
620000
13114000
61398034
61780034
471000
356000
875000
27058000
15552000
655000
66164034
775000
870000
820000
67387034
723000
559000
